Stage1 model (google ~ total_spends) coefficients:
total_spends: 0.5082983588371092
facebook_spend_ad: -0.43806056673643634
tiktok_spend_ad: -0.3437091510153417
snapchat_spend_ad: -0.46323722008275453
followers_diff_lag_1: 0.0012784682316234572
sin1: -119.30536080747478
cos1: -49.13347955224349
t: 6.585493733254236

Stage2 model coefficients (XGBoost):
google_hat: 0.035706304013729095
facebook_spend_ad: 0.016271114349365234
tiktok_spend_ad: 0.01156561728566885
instagram_spend_ad: 0.2778506577014923
snapchat_spend_ad: 0.018694650381803513
followers_diff_lag_1: 0.014290587976574898
sin1: 0.10022903233766556
cos1: 0.06157255172729492
t: 0.06077074259519577
average_price: 0.18496964871883392
promotions: 0.0013089114800095558
price_x_promo: 0.03365149348974228
sms_send: 0.18311871588230133
